--- Classification Report ---
              precision    recall  f1-score   support

           0     0.9554    0.4747    0.6342       316
           1     0.7704    0.7753    0.7729       316
           2     0.5265    0.7848    0.6302       316
           3     0.5607    0.9209    0.6970       316
           4     0.8943    0.6424    0.7477       316
           5     0.9923    0.8196    0.8977       316
           6     0.9922    0.8101    0.8920       316
           7     0.9968    0.9810    0.9888       315
           8     1.0000    0.9652    0.9823       316
           9     0.5645    0.6234    0.5925       316
          10     0.4194    0.1238    0.1912       315
          11     0.5400    0.0857    0.1479       315
          12     0.9841    0.1962    0.3272       316
          13     0.8972    0.7184    0.7979       316
          14     0.9410    0.8070    0.8688       316
          15     0.5580    0.7175    0.6278       315
          16     0.5587    0.4367    0.4902       316
          17     0.8686    0.6487    0.7428       316
          18     0.8276    0.8354    0.8315       316
          19     0.7681    0.8413    0.8030       315
          20     0.7566    0.9051    0.8242       316
          21     0.9525    0.9525    0.9525       316
          22     0.8085    0.7215    0.7625       316
          23     0.7811    0.9937    0.8747       316
          24     0.9320    0.6076    0.7356       316
          25     1.0000    0.8956    0.9449       316
          26     0.9605    1.0000    0.9798       316
          27     0.8759    0.7595    0.8136       316
          28     0.3693    0.7152    0.4871       316
          29     0.3836    0.7975    0.5180       316
          30     0.6312    0.8095    0.7093       315
          31     0.5931    0.7658    0.6685       316
          32     0.5447    0.8671    0.6691       316
          33     0.6471    0.6614    0.6541       316
          34     0.9679    0.9557    0.9618       316
          35     0.7590    0.9968    0.8618       316
          36     0.6250    0.8228    0.7104       316
          37     0.7882    0.9304    0.8534       316
          38     0.7299    0.9494    0.8253       316
          39     0.8826    0.8429    0.8623       312
          40     0.7885    0.6962    0.7395       316
          41     0.8586    0.8259    0.8419       316
          42     0.9688    0.9810    0.9748       316
          43     0.7365    0.3449    0.4698       316
          44     0.7063    0.8449    0.7695       316
          45     0.8633    0.6994    0.7727       316
          46     0.8113    0.6804    0.7401       316
          47     0.8412    0.9051    0.8720       316
          48     0.9290    0.4557    0.6115       316
          49     0.8982    0.8179    0.8562       313
          50     0.9507    0.9204    0.9353       314
          51     0.6296    0.9873    0.7689       315
          52     0.8100    0.7152    0.7597       316
          53     0.7734    0.8694    0.8186       314
          54     0.9891    0.8803    0.9315       309
          55     0.9594    0.5981    0.7368       316
          56     0.9121    0.7880    0.8455       316
          57     0.8698    0.9304    0.8991       316
          58     0.9968    0.9842    0.9904       316
          59     0.9843    1.0000    0.9921       313

    accuracy                         0.7680     18932
   macro avg     0.7980    0.7680    0.7610     18932
weighted avg     0.7979    0.7680    0.7609     18932