Pose Transformer - Final Evaluation Report
Overall Accuracy: 84.32%
============================================================
              precision    recall  f1-score   support

           0     0.8783    0.8449    0.8613       316
           1     0.9042    0.8956    0.8998       316
           2     0.7478    0.7975    0.7718       316
           3     0.8103    0.7975    0.8038       316
           4     0.8885    0.7816    0.8316       316
           5     0.9525    0.9525    0.9525       316
           6     0.9670    0.9272    0.9467       316
           7     0.9937    0.9937    0.9937       315
           8     1.0000    1.0000    1.0000       316
           9     0.6576    0.7658    0.7076       316
          10     0.6481    0.4444    0.5273       315
          11     0.4953    0.6635    0.5672       315
          12     0.9035    0.6519    0.7574       316
          13     0.9601    0.9905    0.9751       316
          14     0.9803    0.9430    0.9613       316
          15     0.8131    0.7460    0.7781       315
          16     0.7551    0.8196    0.7860       316
          17     0.7123    0.7911    0.7496       316
          18     0.7928    0.7627    0.7774       316
          19     0.7435    0.8190    0.7795       315
          20     0.8213    0.7563    0.7875       316
          21     0.9480    0.9810    0.9642       316
          22     0.7719    0.6424    0.7012       316
          23     0.9805    0.9525    0.9663       316
          24     0.8682    0.8544    0.8612       316
          25     0.9811    0.9842    0.9826       316
          26     0.9968    0.9968    0.9968       316
          27     0.8837    0.8418    0.8622       316
          28     0.5736    0.4810    0.5232       316
          29     0.5740    0.8228    0.6762       316
          30     0.6953    0.7460    0.7198       315
          31     0.5727    0.8228    0.6753       316
          32     0.7859    0.8829    0.8316       316
          33     0.6783    0.4937    0.5714       316
          34     0.9465    0.9525    0.9495       316
          35     0.9142    0.9778    0.9450       316
          36     0.8851    0.8291    0.8562       316
          37     0.8632    0.8987    0.8806       316
          38     0.8407    0.7184    0.7747       316
          39     0.9453    0.7756    0.8521       312
          40     0.8627    0.8354    0.8489       316
          41     0.9659    0.9873    0.9765       316
          42     0.9906    0.9968    0.9937       316
          43     0.6860    0.8228    0.7482       316
          44     0.8187    0.8576    0.8377       316
          45     0.9189    0.8608    0.8889       316
          46     0.8864    0.8892    0.8878       316
          47     0.8969    0.9082    0.9025       316
          48     0.8494    0.6962    0.7652       316
          49     0.9357    0.7444    0.8292       313
          50     0.9803    0.9490    0.9644       314
          51     0.9827    0.9016    0.9404       315
          52     0.8211    0.8861    0.8524       316
          53     0.7753    0.9777    0.8648       314
          54     0.9472    0.9871    0.9667       309
          55     0.9157    0.7563    0.8284       316
          56     0.8925    0.7880    0.8370       316
          57     0.7758    0.9525    0.8551       316
          58     1.0000    0.9968    0.9984       316
          59     1.0000    1.0000    1.0000       313

    accuracy                         0.8432     18932
   macro avg     0.8505    0.8432    0.8432     18932
weighted avg     0.8505    0.8432    0.8431     18932
