              precision    recall  f1-score   support

           0       0.56      0.70      0.62       188
           1       0.59      0.70      0.64       188
           2       0.92      0.48      0.63       188
           3       0.62      0.68      0.64       188
           4       0.59      0.76      0.67       188
           5       0.91      0.89      0.90       189
           6       0.89      0.80      0.85       189
           7       0.91      0.91      0.91       188
           8       0.99      0.96      0.97       187
           9       0.59      0.75      0.66       188
          10       0.39      0.58      0.47       187
          11       0.64      0.18      0.28       186
          12       0.77      0.53      0.62       188
          13       0.95      0.91      0.93       189
          14       0.83      0.90      0.87       189
          15       0.78      0.65      0.71       188
          16       0.74      0.75      0.75       189
          17       0.55      0.86      0.67       188
          18       0.98      0.57      0.72       188
          19       0.60      0.45      0.52       188
          20       0.55      0.82      0.66       188
          21       0.89      0.97      0.93       189
          22       0.75      0.62      0.68       189
          23       0.85      0.88      0.86       189
          24       0.65      0.71      0.68       189
          25       0.95      0.89      0.92       189
          26       0.93      0.96      0.95       190
          27       0.51      0.46      0.48       189
          28       0.45      0.71      0.55       189
          29       0.65      0.67      0.66       189
          30       0.68      0.73      0.71       189
          31       0.61      0.71      0.66       189
          32       0.86      0.78      0.82       189
          33       0.80      0.43      0.56       189
          34       0.92      0.95      0.94       190
          35       0.86      0.96      0.91       189
          36       0.77      0.72      0.75       189
          37       0.83      0.80      0.82       190
          38       0.88      0.83      0.85       190
          39       0.76      0.97      0.85       187
          40       0.76      0.72      0.74       190
          41       0.86      0.72      0.79       189
          42       0.83      0.98      0.90       189
          43       0.72      0.57      0.64       189
          44       0.77      0.69      0.73       189
          45       0.83      0.79      0.81       190
          46       0.87      0.75      0.80       190
          47       0.76      0.88      0.82       189
          48       0.72      0.70      0.71       189
          49       0.49      0.77      0.60       188
          50       0.82      0.76      0.79       189
          51       0.65      0.71      0.68       189
          52       0.69      0.44      0.54       190
          53       0.64      0.67      0.66       188
          54       0.93      0.78      0.85       181
          55       0.61      0.68      0.64       190
          56       0.82      0.37      0.51       189
          57       0.73      0.77      0.75       190
          58       0.69      0.86      0.77       188
          59       0.91      0.72      0.81       188

    accuracy                           0.73     11316
   macro avg       0.75      0.73      0.73     11316
weighted avg       0.75      0.73      0.73     11316
