Classification Report:
              precision    recall  f1-score   support

           0     0.9805    0.9525    0.9663       316
           1     0.9871    0.9684    0.9776       316
           2     0.9622    0.8861    0.9226       316
           3     0.9717    0.9778    0.9748       316
           4     0.9609    0.9335    0.9470       316
           5     0.9905    0.9937    0.9921       316
           6     0.9875    0.9968    0.9921       316
           7     1.0000    1.0000    1.0000       315
           8     1.0000    1.0000    1.0000       316
           9     0.8655    0.9367    0.8997       316
          10     0.8741    0.7714    0.8196       315
          11     0.7485    0.8032    0.7749       315
          12     0.9686    0.9747    0.9716       316
          13     0.9937    1.0000    0.9968       316
          14     0.9905    0.9905    0.9905       316
          15     0.9811    0.9905    0.9858       315
          16     0.9872    0.9747    0.9809       316
          17     0.9778    0.9778    0.9778       316
          18     0.9750    0.9873    0.9811       316
          19     0.9748    0.9841    0.9795       315
          20     0.9905    0.9873    0.9889       316
          21     0.9937    0.9968    0.9953       316
          22     0.9310    0.9399    0.9354       316
          23     0.9968    0.9968    0.9968       316
          24     0.9598    0.9810    0.9703       316
          25     1.0000    1.0000    1.0000       316
          26     1.0000    1.0000    1.0000       316
          27     0.9211    0.9968    0.9574       316
          28     0.8855    0.8323    0.8581       316
          29     0.7934    0.8386    0.8154       316
          30     0.8412    0.9079    0.8733       315
          31     0.8362    0.9367    0.8836       316
          32     0.9533    0.9051    0.9286       316
          33     0.9354    0.8703    0.9016       316
          34     0.9875    0.9968    0.9921       316
          35     0.9937    1.0000    0.9968       316
          36     0.9655    0.9747    0.9701       316
          37     0.9651    0.9620    0.9635       316
          38     0.9932    0.9304    0.9608       316
          39     0.9656    0.9904    0.9778       312
          40     0.9793    0.8987    0.9373       316
          41     0.9937    1.0000    0.9968       316
          42     0.9968    1.0000    0.9984       316
          43     0.9243    0.9272    0.9258       316
          44     0.9698    0.9146    0.9414       316
          45     0.9297    0.9620    0.9456       316
          46     0.9651    0.9620    0.9635       316
          47     0.9512    0.9873    0.9689       316
          48     0.9636    0.9209    0.9417       316
          49     0.9619    0.9681    0.9650       313
          50     0.9968    1.0000    0.9984       314
          51     0.9781    0.9937    0.9858       315
          52     0.9521    0.9430    0.9475       316
          53     0.9561    0.9713    0.9637       314
          54     1.0000    0.9838    0.9918       309
          55     0.9744    0.9620    0.9682       316
          56     0.9677    0.9494    0.9585       316
          57     0.9624    0.9715    0.9669       316
          58     1.0000    1.0000    1.0000       316
          59     1.0000    1.0000    1.0000       313

    accuracy                         0.9576     18932
   macro avg     0.9585    0.9577    0.9577     18932
weighted avg     0.9585    0.9576    0.9577     18932
