Classification Report:
              precision    recall  f1-score   support

           0       0.78      0.75      0.77       316
           1       0.80      0.74      0.77       316
           2       0.54      0.75      0.63       316
           3       0.61      0.83      0.70       316
           4       0.95      0.59      0.73       316
           5       1.00      0.76      0.86       316
           6       0.93      0.92      0.93       316
           7       0.81      0.99      0.89       315
           8       1.00      0.97      0.99       316
           9       0.67      0.35      0.46       316
          10       0.82      0.04      0.08       315
          11       0.31      0.29      0.30       315
          12       0.73      0.76      0.75       316
          13       0.85      0.84      0.84       316
          14       0.92      0.63      0.75       316
          15       0.63      0.59      0.61       315
          16       0.60      0.65      0.62       316
          17       0.80      0.66      0.72       316
          18       0.85      0.86      0.85       316
          19       0.89      0.60      0.72       315
          20       0.83      0.88      0.85       316
          21       0.92      0.97      0.95       316
          22       0.91      0.63      0.74       316
          23       0.99      0.84      0.91       316
          24       0.68      0.67      0.67       316
          25       1.00      0.94      0.97       316
          26       0.96      0.99      0.98       316
          27       0.81      0.64      0.71       316
          28       0.44      0.44      0.44       316
          29       0.36      0.86      0.50       316
          30       0.61      0.75      0.67       315
          31       0.89      0.44      0.59       316
          32       0.66      0.89      0.76       316
          33       0.68      0.61      0.64       316
          34       0.95      0.83      0.88       316
          35       0.98      0.97      0.98       316
          36       0.84      0.32      0.47       316
          37       0.84      0.84      0.84       316
          38       0.63      0.89      0.74       316
          39       0.90      0.85      0.87       312
          40       0.80      0.68      0.74       316
          41       0.95      0.85      0.90       316
          42       0.98      0.96      0.97       316
          43       0.38      0.79      0.51       316
          44       0.80      0.63      0.71       316
          45       0.53      0.94      0.68       316
          46       0.57      0.85      0.68       316
          47       0.61      0.93      0.74       316
          48       0.94      0.37      0.54       316
          49       0.76      0.82      0.79       313
          50       1.00      0.53      0.69       314
          51       0.87      0.95      0.91       315
          52       0.82      0.74      0.78       316
          53       0.84      0.82      0.83       314
          54       0.92      0.96      0.94       309
          55       0.94      0.70      0.80       316
          56       0.61      0.93      0.73       316
          57       0.93      0.94      0.93       316
          58       1.00      0.97      0.98       316
          59       0.99      1.00      0.99       313

    accuracy                           0.75     18932
   macro avg       0.79      0.75      0.75     18932
weighted avg       0.79      0.75      0.75     18932
